Texts:

"소년
여기저기서 단풍잎 같은 슬픈 가을이 뚝뚝 떨어진다. 단풍잎
떨어져 나온 자리마다 봄을 마련해 놓고 나뭇가지 위에 하늘이
펼쳐 있다. 가만히 하늘을 들여다보려면 눈썹에 파란 물감이
든다. 두 손으로 따뜻한 볼을 쓸어 보면 손바닥에도 파란 물감
이 묻어난다. 다시 손바닥을 들여다본다. 손금에는 맑은 강물
이 흐르고, 맑은 강물이 흐르고, 강물 속에는 사랑처럼 슬픈 얼
굴 아름다운 순이의 얼굴이 어린다. 소년은 황홀히 눈을
감아 본다. 그래도 맑은 강물은 흘러 사랑처럼 슬픈 얼굴-
아름다운 순이의 얼굴은 어린다.
"
bounds: (34,45),(330,45),(330,289),(34,289)

"소년"
bounds: (36,46),(60,45),(60,58),(36,59)

"여기저기서"
bounds: (37,83),(89,83),(89,94),(37,94)

"단풍잎"
bounds: (95,83),(125,83),(125,94),(95,94)

"같은"
bounds: (131,83),(150,83),(150,94),(131,94)

"슬픈"
bounds: (155,83),(175,83),(175,94),(155,94)

"가을"
bounds: (180,81),(201,81),(201,97),(180,97)

"이"
bounds: (203,81),(209,81),(209,97),(203,97)

"뚝뚝"
bounds: (216,84),(235,84),(235,94),(216,94)

"떨어진다"
bounds: (237,81),(280,81),(280,97),(237,97)

"."
bounds: (282,81),(286,81),(286,97),(282,97)

"단풍잎"
bounds: (291,83),(321,83),(321,94),(291,94)

"떨어져"
bounds: (37,107),(67,107),(67,118),(37,118)

"나온"
bounds: (73,107),(92,107),(92,118),(73,118)

"자리"
bounds: (97,107),(116,107),(116,118),(97,118)

"마다"
bounds: (120,107),(140,107),(140,118),(120,118)

"봄"
bounds: (147,104),(159,104),(159,120),(147,120)

"을"
bounds: (161,104),(165,104),(165,120),(161,120)

"마련해"
bounds: (169,107),(199,107),(199,118),(169,118)

"놓고"
bounds: (205,107),(224,107),(224,118),(205,118)

"나뭇"
bounds: (230,107),(249,107),(249,118),(230,118)

"가지"
bounds: (252,107),(271,107),(271,118),(252,118)

"위에"
bounds: (276,107),(296,107),(296,118),(276,118)

"하늘"
bounds: (300,104),(321,104),(321,120),(300,120)

"이"
bounds: (323,104),(329,104),(329,120),(323,120)

"펼쳐"
bounds: (37,131),(56,131),(56,142),(37,142)

"있다"
bounds: (63,128),(79,128),(79,145),(63,145)

"."
bounds: (81,128),(85,128),(85,145),(81,145)

"가만히"
bounds: (90,131),(120,131),(120,142),(90,142)

"하늘"
bounds: (123,128),(145,128),(145,145),(123,145)

"을"
bounds: (147,128),(157,128),(157,145),(147,145)

"들여다"
bounds: (159,128),(190,128),(190,145),(159,145)

"보려면"
bounds: (192,128),(226,128),(226,145),(192,145)

"눈썹"
bounds: (230,131),(249,131),(249,142),(230,142)

"에"
bounds: (252,131),(260,131),(260,142),(252,142)

"파란"
bounds: (266,131),(286,131),(286,142),(266,142)

"물감"
bounds: (291,128),(316,128),(316,145),(291,145)

"이"
bounds: (318,128),(319,128),(319,145),(318,145)

"든다"
bounds: (34,153),(54,153),(54,169),(34,169)

"."
bounds: (56,153),(59,153),(59,169),(56,169)

"두"
bounds: (65,156),(74,156),(74,166),(65,166)

"손"
bounds: (78,155),(87,155),(87,166),(78,166)

"으로"
bounds: (90,156),(110,156),(110,165),(90,165)

"따뜻한"
bounds: (115,155),(146,155),(146,166),(115,166)

"볼"
bounds: (149,153),(167,153),(167,169),(149,169)

"을"
bounds: (169,153),(170,153),(170,169),(169,169)

"쓸어"
bounds: (175,155),(194,155),(194,166),(175,166)

"보면"
bounds: (200,155),(219,155),(219,166),(200,166)

"손바닥"
bounds: (222,153),(255,153),(255,169),(222,169)

"에도"
bounds: (257,153),(277,153),(277,169),(257,169)

"파란"
bounds: (282,155),(303,155),(303,166),(282,166)

"물감"
bounds: (307,155),(327,155),(327,166),(307,166)

"이"
bounds: (37,179),(45,179),(45,190),(37,190)

"묻어"
bounds: (50,179),(69,179),(69,190),(50,190)

"난다"
bounds: (73,179),(81,179),(81,190),(73,190)

"."
bounds: (85,177),(94,177),(94,193),(85,193)

"다시"
bounds: (101,179),(120,179),(120,190),(101,190)

"손바닥"
bounds: (124,177),(159,177),(159,193),(124,193)

"을"
bounds: (161,177),(168,177),(168,193),(161,193)

"들여다"
bounds: (170,177),(202,177),(202,193),(170,193)

"본다"
bounds: (204,177),(222,177),(222,193),(204,193)

"."
bounds: (224,177),(227,177),(227,193),(224,193)

"손금"
bounds: (232,177),(253,177),(253,193),(232,193)

"에는"
bounds: (255,177),(273,177),(273,193),(255,193)

"맑은"
bounds: (281,179),(300,179),(300,190),(281,190)

"강물"
bounds: (305,179),(325,179),(325,190),(305,190)

"이"
bounds: (42,200),(53,200),(53,217),(42,217)

"흐르고"
bounds: (55,200),(80,200),(80,217),(55,217)

","
bounds: (84,212),(85,212),(85,214),(84,214)

"맑은"
bounds: (90,203),(109,203),(109,214),(90,214)

"강물"
bounds: (114,203),(134,203),(134,214),(114,214)

"이"
bounds: (137,203),(144,203),(144,214),(137,214)

"흐르고"
bounds: (154,200),(179,200),(179,217),(154,217)

","
bounds: (181,200),(185,200),(185,217),(181,217)

"강물"
bounds: (189,203),(209,203),(209,214),(189,214)

"속에는"
bounds: (214,203),(245,203),(245,214),(214,214)

"사랑"
bounds: (247,200),(272,200),(272,217),(247,217)

"처럼"
bounds: (274,200),(293,200),(293,217),(274,217)

"슬픈"
bounds: (297,203),(316,203),(316,214),(297,214)

"얼"
bounds: (321,204),(330,204),(330,214),(321,214)

"굴"
bounds: (37,228),(50,228),(50,238),(37,238)

"아름다운"
bounds: (74,227),(116,227),(116,238),(74,238)

"순이"
bounds: (121,228),(137,228),(137,238),(121,238)

"의"
bounds: (140,227),(151,227),(151,238),(140,238)

"얼굴"
bounds: (157,224),(182,224),(182,241),(157,241)

"이"
bounds: (187,227),(187,227),(187,238),(187,238)

"어린"
bounds: (193,227),(212,227),(212,238),(193,238)

"다"
bounds: (214,224),(221,224),(221,241),(214,241)

"."
bounds: (223,224),(227,224),(227,241),(223,241)

"소년"
bounds: (229,224),(251,224),(251,241),(229,241)

"은"
bounds: (254,228),(263,228),(263,238),(254,238)

"황홀"
bounds: (268,224),(296,224),(296,241),(268,241)

"히"
bounds: (298,224),(299,224),(299,241),(298,241)

"눈"
bounds: (304,224),(314,224),(314,241),(304,241)

"을"
bounds: (316,224),(323,224),(323,241),(316,241)

"감아"
bounds: (37,251),(57,251),(57,262),(37,262)

"본다"
bounds: (61,249),(79,249),(79,265),(61,265)

"."
bounds: (84,260),(84,260),(84,261),(84,261)

"그래도"
bounds: (90,251),(121,251),(121,262),(90,262)

"맑은"
bounds: (126,251),(145,251),(145,262),(126,262)

"강물"
bounds: (150,251),(170,251),(170,262),(150,262)

"은"
bounds: (172,252),(181,252),(181,262),(172,262)

"흘러"
bounds: (186,251),(205,251),(205,262),(186,262)

"사랑"
bounds: (211,251),(231,251),(231,262),(211,262)

"처럼"
bounds: (233,251),(252,251),(252,262),(233,262)

"슬픈"
bounds: (257,251),(278,251),(278,262),(257,262)

"얼굴"
bounds: (282,249),(300,249),(300,265),(282,265)

"-"
bounds: (305,256),(307,256),(307,256),(305,256)

"아름다운"
bounds: (37,275),(79,275),(79,286),(37,286)

"순이"
bounds: (83,275),(103,275),(103,286),(83,286)

"의"
bounds: (106,275),(114,275),(114,286),(106,286)

"얼굴"
bounds: (118,273),(144,273),(144,289),(118,289)

"은"
bounds: (146,273),(150,273),(150,289),(146,289)

"어린"
bounds: (155,275),(174,275),(174,286),(155,286)

"다"
bounds: (176,273),(184,273),(184,289),(176,289)

"."
bounds: (186,273),(190,273),(190,289),(186,289)
['(186,273)', '(190,273)', '(190,289)', '(186,289)']